16,7,2021,10:2:51;13,565;06,093;-08,679;22,560;36,500;
16,7,2021,10:3:51;13,529;05,948;-08,003;22,560;37,600;
16,7,2021,10:3:1;13,420;05,912;-08,227;22,560;37,600;
16,7,2021,10:4:26;13,420;1064,338;-08,679;22,249;38,600;
16,7,2021,10:4:37;13,456;05,876;-09,377;22,249;38,600;
16,7,2021,10:5:15;13,384;05,803;-10,097;21,619;38,600;
16,7,2021,10:6:8;13,275;05,477;-09,854;21,301;37,600;
16,7,2021,10:7:8;13,311;05,513;-09,614;20,656;37,600;
;
16,7,2021,10:14:54;13,456;13,347;03,829;17,966;35,400;
16,7,2021,10:14:27;13,565;13,384;03,966;18,657;36,500;
16,7,2021,10:15:24;13,637;13,492;03,135;19,669;36,500;
16,7,2021,10:15:12;13,637;13,529;03,554;18,997;37,600;
;
;00,000;00,000;00,000;00,000;00,000;
16,7,2021,10:20:27;13,492;13,311;02,132;18,657;33,200;
;
16,7,2021,10:23:47;13,819;13,710;01,240;18,313;32,700;
16,7,2021,10:23:47;13,783;13,637;02,566;18,657;32,700;
;
16,7,2021,10:25:31;14,580;14,472;01,690;17,263;36,500;
;
16,7,2021,10:42:4;13,710;13,710;04,905;18,657;38,100;
16,7,2021,10:43:8;13,601;13,492;05,297;18,657;38,600;
;
16,7,2021,10:50:59;13,819;13,674;05,297;18,657;38,600;
16,7,2021,10:50:16;14,000;13,928;03,692;19,669;38,600;
;
;
16,7,2021,11:31:36;14,399;14,218;12,615;24,382;41,300;
16,7,2021,11:31:5;14,689;1058,608;13,518;24,084;40,800;
;
16,7,2021,12:5:25;14,399;14,399;07,783;25,266;41,900;
16,7,2021,12:5:53;14,907;14,689;08,373;24,382;41,300;
16,7,2021,12:7:49;15,125;14,399;09,405;24,679;42,900;
16,7,2021,12:8:39;14,544;14,399;10,184;24,382;42,900;
16,7,2021,12:11:1;13,964;13,783;09,179;24,084;41,300;
16,7,2021,12:11:41;13,710;13,565;09,405;22,560;40,800;
16,7,2021,12:17:56;12,549;12,368;08,605;23,176;41,300;
16,7,2021,12:40:56;12,187;12,078;05,812;21,619;38,600;
